#!MLF!#
"*/file.lab"
0 600000 Q 45.211807 abend
600000 900000 Q_ 28.846119
900000 6000000 a: 1195.516968
6000000 6200000 b 25.826063
6200000 6600000 b_ -8.077048
6600000 9700000 @ 112.394768
9700000 12800000 n 489.647858
12800000 13000000 t -20.005587
13000000 13200000 t_ -13.508923
13200000 13600000 g 28.165363 geburtstag
13600000 14000000 g_ -13.842755
14000000 14900000 @ 66.830215
14900000 15100000 b -10.525805
15100000 15300000 b_ -29.580042
15300000 17100000 Uer 156.730927
17100000 17300000 ts -20.229506
17300000 19400000 ts_ 193.146332
19400000 19600000 t -6.325030
19600000 19800000 t_ 16.101156
19800000 22300000 a: 459.554962
22300000 22600000 k 6.304671
22600000 24100000 k_ 168.916031
24100000 24600000 k 77.492874 kahn
24600000 25800000 k_ 40.252895
25800000 28800000 a: 471.554596
28800000 31200000 n 288.834778
31200000 32300000 sil 71.880104 sil
.
