   1            "@" 5482  11237.339844 9846.087891 33283.734375
   2            "C" 2900  8054.633789 10577.881836 12943.827148
   3            "E" 2498  5079.706543 5511.604004 6107.320312
   4            "I" 4899  7919.450195 7819.169434 7621.643555
   5            "N"  851  2084.695068 2534.638184 3110.979248
   6            "O" 1905  3477.300537 4612.313477 6395.275879
   7            "Q" 2455  6494.366699 10357.958008 4931.254883
   8            "S" 1841  7680.823242 8274.961914 8375.280273
   9            "U" 2948  5593.217285 6990.264160 6125.550781
  10            "Y"  654  1310.310059 1778.590332 1508.934814
  11            "Z"   14   78.997162  31.998959  53.997833
  12            "a" 4303  8770.338867 11223.093750 8927.886719
  13            "f" 3975  13156.193359 12869.099609 10332.738281
  14            "h" 1355  4147.025391 3110.820312 2914.527344
  15            "j"  466  3106.920166 2134.296387 1919.905884
  16            "l" 4059  12180.031250 8066.668945 7723.135254
  17            "m" 4229  9456.203125 10081.665039 11176.151367
  18            "n" 14154  33193.601562 39721.332031 99078.437500
  19            "r" 2775  7729.560059 6550.413086 6577.779785
  20            "s" 6163  19379.328125 22898.029297 26596.011719
  21            "v" 2784  6562.583008 5291.570312 5522.129883
  22            "x" 1794  5261.977051 6418.384277 8997.210938
  23            "z" 2166  6636.757812 5810.783203 6054.382324
  24           "E:"  424  1039.578125 1352.724365 1843.629761
  25           "OY"  569  2513.347656 2591.756104 2383.047852
  26           "a:" 3241  9306.008789 16508.078125 10420.029297
  27           "aI" 2785  9515.608398 11214.802734 10472.319336
  28           "aU" 1070  4437.841309 5342.024414 3950.559326
  29           "cl" 14941  18804.097656 22238.195312 26218.636719
  30           "e:" 2783  5335.106934 5704.419922 9288.906250
  31           "er" 7885  18524.664062 13960.632812 32509.753906
  32           "i:" 2686  5749.946289 5887.569824 7533.036133
  33           "o:" 1198  3465.245605 4143.710938 3849.251221
  34           "oe"  518  1259.704834 1642.328857 1345.566528
  35           "u:" 1426  3571.337646 4496.049316 5432.141602
  36           "y:"  781  1638.979004 1839.770630 2726.321289
  37          "b_h" 1749  2121.579590 2059.904785 2397.277832
  38          "d_h" 3602  4411.317871 4335.082520 4789.971191
  39          "eu:"  370  889.200073 1201.033203 2058.437744
  40          "g_h" 1606  2091.270752 2219.638184 2416.564941
  41          "k_h" 2228  5746.285156 5367.781738 17079.464844
  42          "p_h"  588  1022.111755 1686.942383 3386.767334
  43          "sil" 4296  105528.203125 101993.398438 64226.441406
  44          "t_h" 5721  10010.372070 16698.037109 37590.136719
  45          "vcl" 10493  15130.368164 12336.236328 15150.597656
  46   "hesitation"   11   57.975082  80.963326  36.984642
