   1            "@" 5482  8427.291016 10124.051758 22634.128906
   2            "C" 2900  7591.769531 10303.077148 15355.542969
   3            "E" 2498  4377.034180 5774.498535 6969.145996
   4            "I" 4899  8434.299805 8534.670898 7935.299316
   5            "N"  851  1867.450928 2578.778320 1939.240234
   6            "O" 1905  3081.822998 3759.365723 7772.904785
   7            "Q" 2455  5963.006348 6367.416992 4106.542969
   8            "S" 1841  6108.176758 7767.550781 5585.949219
   9            "U" 2948  5472.194336 7487.669434 5808.501953
  10            "Y"  654  1104.947388 1914.629639 1407.455688
  11            "Z"   14   80.689224  30.323917  43.005505
  12            "a" 4303  9513.003906 12645.100586 9157.052734
  13            "f" 3975  11862.814453 13404.803711 9901.090820
  14            "h" 1355  4263.029297 3470.956543 4821.145020
  15            "j"  466  3006.682373 1431.290527 1858.028442
  16            "l" 4059  9632.821289 8105.073242 6955.081543
  17            "m" 4229  8327.588867 10619.934570 8320.701172
  18            "n" 14154  30354.640625 43416.433594 114185.953125
  19            "r" 2775  9558.950195 6487.827637 7947.961426
  20            "s" 6163  17480.908203 20990.884766 18370.531250
  21            "v" 2784  5699.030273 4910.526855 4150.016113
  22            "x" 1794  5267.913086 5612.113770 11025.165039
  23            "z" 2166  5809.099121 6450.699707 4224.225098
  24           "E:"  424  778.058594 1088.458862 2241.057373
  25           "OY"  569  2742.886475 2176.527832 2322.000244
  26           "a:" 3241  10017.412109 20685.267578 13017.427734
  27           "aI" 2785  9119.291992 11795.709961 10404.908203
  28           "aU" 1070  4031.356689 5890.418945 3751.332275
  29           "cl" 14941  22030.195312 22270.146484 26407.222656
  30           "e:" 2783  4924.582031 4831.606934 10808.438477
  31           "er" 7885  21950.968750 13491.701172 37542.753906
  32           "i:" 2686  4384.110840 5503.446777 8953.525391
  33           "o:" 1198  3472.326904 5126.109375 2960.648438
  34           "oe"  518  1193.712158 1985.768799 1249.907104
  35           "u:" 1426  2671.747559 2961.067871 6441.672363
  36           "y:"  781  1250.033936 1723.487915 2898.018799
  37          "b_h" 1749  2085.800049 1912.264282 2280.691406
  38          "d_h" 3602  4253.107422 4379.327637 4826.765137
  39          "eu:"  370  621.011963 963.535828 2324.316406
  40          "g_h" 1606  1993.453003 2322.022949 2063.356934
  41          "k_h" 2228  5533.961426 6010.813965 20784.289062
  42          "p_h"  588  1028.959351 1944.943237 3295.211914
  43          "sil" 4296  109450.695312 107696.734375 49759.449219
  44          "t_h" 5721  9867.404297 17575.775391 44020.027344
  45          "vcl" 10493  15130.752930 13059.400391 13176.517578
  46   "hesitation"   11   48.878765  79.054955  34.905041
